0.011
0.9048
0.913
0.91715
0.915901
0.9091
0.911651
0.914951
0.915101
0.918101
0.917901
0.914551
0.9121
0.916651
0.914351
0.917451
0.915751
0.9176
0.91785
0.916701
0.917351
0.91495
0.913801
0.9136
0.9153
0.91725
0.91525
0.91345
0.9175
0.918601
0.9173
0.916651
0.914851
0.919201
0.91715
0.91155
0.9209
0.917501
0.921651
0.9234
0.918651
0.92105
0.920201
0.921551
0.92355
0.92145
0.921901
0.924551
0.923301
0.9238
0.920351
0.920901
0.918151
0.922601
0.921301
0.923701
0.9194
0.920301
0.926551
0.925701
0.923251
0.924851
0.920701
0.91685
0.920401
0.921351
0.924351
0.92165
0.923301
0.922901
0.9233
0.92535
0.925601
0.929601
0.927651
0.925501
0.927351
0.924851
0.924
0.922551
0.925151
0.92855
0.927651
0.9278
0.928001
0.923151
0.924801
0.9309
0.929401
0.926151
0.930751
0.933351
0.931351
0.929901
0.930101
0.936851
0.934151
0.93155
0.933101
0.935851
0.933551
0.93795
0.937801
0.937351
0.934301
0.938201
0.939051
0.938801
0.9351
0.936101
0.935201
0.936551
0.939351
0.939251
0.937301
0.938001
0.938901
0.939801
0.93955
0.935851
0.93465
0.932251
0.939551
0.940201
0.941451
0.937301
0.935801
0.938201
0.939101
0.939451
0.941001
0.935201
0.935351
0.935851
0.940851
0.940801
0.938801
0.936551
0.939001
0.939101
0.941601
0.939551
0.93595
0.938301
0.938751
0.94165
0.940801
0.938751
0.939451
0.940451
0.940551
0.943051
0.940251
0.938101
0.937501
0.939501
0.943101
0.940801
0.939451
0.939551
0.939651
0.942051
0.943101
0.941051
0.937401
0.940551
0.939451
0.941701
0.942251
0.940901
0.940951
0.941901
0.942051
0.941601
0.941051
0.939651
0.942701
0.942351
0.942401
0.944451
0.940201
0.940301
0.941251
0.941951
0.941701
0.940251
0.939001
0.943401
0.943151
0.943151
0.944401
0.941651
0.943201
0.943401
0.944901
0.944551
0.942501
0.942651
0.944851
0.943851
0.945401
