0.0228
0.8941
0.8987
0.903
0.90065
0.90115
0.9051
0.89915
0.899349
0.90185
0.905001
0.9065
0.9045
0.90395
0.9022
0.9038
0.90635
0.902
0.8992
0.9053
0.9012
0.90565
0.903549
0.9031
0.9069
0.90505
0.90955
0.9072
0.90785
0.9066
0.9068
0.9071
0.907151
0.9102
0.90665
0.907651
0.91025
0.90585
0.90935
0.9092
0.9023
0.9068
0.9055
0.90715
0.9079
0.91185
0.910651
0.9101
0.90885
0.912351
0.9085
0.90735
0.9119
0.90985
0.910851
0.9087
0.8994
0.912101
0.91155
0.908051
0.91095
0.9077
0.9045
0.90665
0.9071
0.91085
0.91375
0.9141
0.91515
0.915151
0.914701
0.9081
0.9054
0.90735
0.90815
0.91295
0.9124
0.91035
0.90585
0.9152
0.9168
0.91015
0.91765
0.91505
0.9119
0.9162
0.9165
0.91465
0.9102
0.9154
0.921101
0.92045
0.92355
0.923501
0.9152
0.9155
0.9125
0.91575
0.92055
0.92335
0.922201
0.923401
0.922451
0.926401
0.925
0.929251
0.924301
0.921351
0.924751
0.922651
0.923551
0.92355
0.928551
0.9298
0.927851
0.927151
0.93075
0.925051
0.924301
0.925451
0.926351
0.928001
0.922851
0.931451
0.933501
0.92875
0.926401
0.932851
0.929601
0.926501
0.923201
0.923401
0.933051
0.9243
0.931501
0.933501
0.931551
0.9302
0.932851
0.933051
0.930101
0.929951
0.925601
0.933751
0.930951
0.936001
0.935751
0.931451
0.932401
0.935151
0.936001
0.932401
0.928501
0.929301
0.934501
0.933751
0.936051
0.933651
0.932951
0.93235
0.935901
0.938251
0.933801
0.930701
0.930051
0.935201
0.935851
0.9361
0.935101
0.9315
0.929401
0.936551
0.935151
0.934701
0.930751
0.929901
0.938901
0.936651
0.939051
0.936601
0.935951
0.93305
0.938051
0.935901
0.938301
0.930801
0.9314
0.938101
0.939601
0.937601
0.939501
0.935951
0.933851
0.938751
0.935901
0.933851
0.933001
0.935951
0.938851
0.938801
0.941151
