0.0177
0.8753
0.884699
0.88905
0.88935
0.88965
0.8894
0.889
0.895199
0.89005
0.89435
0.8969
0.8907
0.8964
0.8934
0.896
0.8963
0.8961
0.8964
0.8936
0.89445
0.8944
0.89255
0.8974
0.8957
0.897699
0.891499
0.89425
0.89465
0.89405
0.899599
0.90015
0.89525
0.89615
0.90045
0.89115
0.89635
0.89225
0.8964
0.89745
0.8948
0.889999
0.8935
0.89825
0.90205
0.8988
0.89715
0.8994
0.89655
0.8971
0.9012
0.89195
0.90105
0.90165
0.8996
0.89695
0.89955
0.9015
0.90895
0.894299
0.89855
0.903449
0.90315
0.905501
0.90965
0.90535
0.911801
0.90245
0.9081
0.90385
0.9061
0.9016
0.9004
0.89555
0.89595
0.897999
0.9071
0.90655
0.910001
0.90375
0.89795
0.9097
0.9075
0.9063
