0.01755
0.89265
0.8975
0.9005
0.8977
0.8987
0.901249
0.90055
0.8996
0.9005
0.89975
0.896999
0.898699
0.8983
0.89815
0.8988
0.90365
0.8998
0.903
0.9024
0.9019
0.9026
0.90245
0.9036
0.9026
0.9021
0.90245
0.9028
0.90185
0.904
0.9058
0.9048
0.90505
0.90025
0.905
0.9055
0.91045
0.90645
0.9055
0.90505
0.9114
0.90775
0.9042
0.903
0.8993
0.9087
0.90365
0.9136
0.9108
0.90705
0.91025
0.90645
0.90705
0.9102
0.90835
0.90345
0.9028
0.9116
0.90305
0.90945
0.90945
0.906151
0.9122
0.90865
0.9013
0.90395
0.91075
0.9085
0.909201
0.916701
0.9108
0.9067
0.9157
0.91235
0.90845
0.90985
0.90885
0.91145
0.91105
0.9187
0.918851
0.917301
0.912651
0.922701
0.9129
0.91015
0.91575
0.916151
0.9152
0.91715
0.9206
0.926251
0.92555
0.925951
0.925551
0.92185
0.921301
0.9116
0.92045
0.923401
0.927401
0.927801
0.928551
0.934601
0.932251
0.933051
0.933601
0.933401
0.929301
0.927601
0.931651
0.933151
0.934501
0.935851
0.935551
0.935851
0.936651
0.935851
0.934
0.930801
0.929301
0.933251
0.935901
0.937301
0.938151
0.936301
0.938101
0.936551
0.937801
0.936601
0.934501
0.930851
0.9333
0.935901
0.937901
0.938501
0.936751
0.937251
0.937501
0.937751
0.936701
0.935701
0.931151
0.935201
0.937351
0.941101
0.938451
0.937451
0.937251
0.939051
0.939551
0.938901
0.937351
0.936151
0.937601
0.937901
0.942051
0.941001
0.938201
0.938851
0.939251
0.939551
0.941001
0.938201
0.937451
0.938251
0.938001
0.940001
0.941051
0.937951
0.938251
0.939051
0.941051
0.941801
0.938451
0.938151
0.938701
0.938101
0.942051
0.941001
0.936651
0.938401
0.938851
0.939551
0.941901
0.937701
0.938151
0.938001
