0.0133
0.88385
0.8954
0.902601
0.89945
0.8978
0.9008
0.90395
0.9048
0.90145
0.9027
0.904151
0.904
0.9025
0.9053
0.90695
0.90365
0.9024
0.908351
0.90615
0.9082
0.9102
0.90615
0.9068
0.9088
0.90745
0.9093
0.9063
0.9111
0.913
0.9041
0.9064
0.9082
0.90855
0.90695
0.9072
0.90755
0.906701
0.9062
0.91105
0.9096
0.9062
0.911301
0.9118
0.909301
0.9078
0.90995
0.9088
0.90725
0.9078
0.90775
0.91315
0.9154
0.91655
0.913801
0.9118
0.9113
0.9098
0.9035
0.9082
0.91185
0.90845
0.9082
0.9119
0.906301
0.9091
0.9075
0.90495
0.91435
0.9048
0.914
0.9119
0.908101
0.91215
0.9157
0.9166
0.90475
0.91065
0.91355
0.9149
0.91005
0.91325
0.91125
0.917951
0.91865
0.91715
0.91885
0.9085
0.9136
0.9135
0.9146
0.911451
0.9164
0.91185
0.9137
0.9159
0.917401
0.9177
0.91795
0.9189
0.90875
0.92655
0.92735
0.928401
0.926651
0.92495
0.925351
0.924601
0.927301
0.925651
0.926201
0.927701
0.9241
0.927251
0.929901
0.927701
0.925701
0.928501
0.930001
0.932101
0.930851
0.931351
0.927001
0.929301
0.931601
0.932001
0.930601
0.929401
0.930051
0.929251
0.931951
0.933051
0.933151
0.931451
0.929801
0.92865
0.931551
0.930751
0.930551
0.933101
0.931351
0.933701
0.935701
0.933201
0.931151
0.932151
0.935201
0.931651
0.929901
0.930501
0.931551
0.933051
0.934451
0.935751
0.935101
0.933051
0.933851
0.934901
0.934501
0.931651
0.930001
0.927701
0.932401
0.932851
0.936651
0.93655
0.932451
0.932601
0.933501
0.929351
0.933251
0.931501
0.930501
0.935201
0.936051
0.936701
0.938601
0.937251
0.935301
0.938201
0.932601
0.936051
0.93515
0.936101
0.936501
0.938951
0.937251
0.940351
0.933751
0.936851
0.937301
0.934951
0.936051
0.93365
0.936701
0.935
0.937251
0.936101
0.938951
0.932851
0.935951
