0.01255
0.866049
0.8836
0.88395
0.88515
0.88225
0.8871
0.88555
0.88755
0.88675
0.89065
0.88805
0.8882
0.886599
0.88835
0.88875
0.88975
0.88745
0.8853
0.89
0.8875
0.88595
0.88985
0.889
0.89255
0.89395
0.8906
0.884699
0.8872
0.8871
0.8887
0.8883
0.89175
0.88925
0.89165
0.89645
0.88955
0.8899
0.89305
0.8912
0.88825
0.89115
0.88885
0.89765
0.89485
0.89145
0.8976
0.8947
0.89375
0.88635
0.88915
0.89315
0.891151
0.8941
0.8948
0.89315
0.9003
0.9006
0.89195
0.8904
0.89495
0.890899
0.8977
0.89565
0.8963
0.89485
0.8992
0.8985
0.89285
0.893399
0.9005
0.89445
0.90085
0.9006
0.8969
0.89655
0.89695
0.8948
0.9021
0.89525
0.90155
0.90415
0.903
0.90345
0.902301
0.89835
0.89855
0.8954
0.90245
0.8991
0.89865
0.8968
0.90525
0.90275
0.90395
0.9021
0.90785
0.91325
0.9121
0.90525
0.9107
0.9026
0.9034
0.92135
0.923251
0.918151
0.920351
0.91915
0.9183
0.9232
0.918901
0.921351
0.91405
0.9208
0.92035
0.92425
0.92575
0.923251
0.91445
0.91835
0.9241
0.9226
0.922
0.9175
0.919551
0.921951
0.92615
0.92635
0.92335
0.918801
0.9221
0.9257
0.927601
0.924
0.9189
0.92225
0.9222
0.928501
0.929401
0.9243
0.9233
0.9232
0.92495
0.9271
0.927
0.922
0.924151
0.922601
0.92265
0.92625
0.92575
0.9254
0.92555
0.92645
0.92795
0.929751
0.927751
0.92495
0.92575
0.92605
0.92775
0.9279
0.9279
0.92615
0.92635
0.92625
0.93
0.92775
0.9249
0.926901
0.929301
0.927851
0.929951
0.929401
0.928401
0.9292
0.92935
0.929401
0.927451
0.928601
0.9285
0.928751
0.927
0.9254
0.929351
0.930101
0.927051
0.9285
0.928601
0.931451
0.929251
0.928501
0.92845
0.928451
0.928601
0.929351
0.930851
0.9291
0.92845
0.9286
0.932451
0.9312
0.92935
