0.01685
0.8953
0.9055
0.9089
0.9083
0.907
0.90865
0.9075
0.91285
0.911401
0.9109
0.913901
0.91415
0.910901
0.915201
0.9149
0.9091
0.91535
0.916
0.91615
0.9165
0.91595
0.914751
0.9151
0.9144
0.9108
0.914251
0.9165
0.914301
0.91375
0.918
0.9133
0.9144
0.91615
0.9154
0.9157
0.91455
0.91895
0.9183
0.91865
0.919701
0.917551
0.9161
0.919651
0.918101
0.914901
0.9158
0.914551
0.91375
0.9112
0.91355
0.9174
0.91815
0.91335
0.9164
0.9153
0.91965
0.921401
0.917901
0.919801
0.918151
0.910901
0.9158
0.918051
0.919951
0.917401
0.925551
0.923401
0.9245
0.92375
0.923351
0.9212
0.9186
0.917451
0.923301
0.921751
0.930251
0.9229
0.918401
0.932801
0.9249
0.9157
0.9153
0.91835
0.91755
0.91515
0.92185
0.924401
0.923151
0.913551
0.921901
0.928001
0.926851
0.925251
0.9188
0.92005
0.923851
0.924951
0.923901
0.929601
0.929701
0.92865
0.931451
0.931701
0.930501
0.93065
0.931501
0.93315
0.929851
0.931501
0.931701
0.93205
0.928451
0.932201
0.931801
0.934201
0.935001
0.937351
0.935301
0.931901
0.931451
0.9343
0.933201
0.933401
0.936701
0.938851
0.939101
0.937901
0.939501
0.938951
0.937551
0.939451
0.936501
0.936251
0.934201
0.937351
0.93725
0.942051
0.941551
0.93955
0.9411
0.9405
0.941651
0.939501
0.940301
0.937701
0.937851
0.941051
0.942601
0.941151
0.940201
0.938701
0.938351
0.9389
0.937901
0.941101
0.935351
0.935751
0.939401
0.943302
0.942001
0.940901
0.941051
0.940251
0.941151
0.939551
0.940851
0.9426
0.939051
0.939601
0.940901
0.941201
0.941201
0.940201
0.942501
0.943401
0.943251
0.943151
0.941751
0.941151
0.939501
0.942502
0.941151
0.944751
0.944601
0.944751
0.946901
0.944101
0.943051
0.941101
0.939551
0.942751
0.943201
0.943151
0.941901
0.942651
0.943801
0.944751
0.946301
0.946151
0.944651
0.945501
0.944901
0.944502
0.944001
0.942551
0.944851
0.944601
0.944701
0.944751
0.945701
0.946101
0.946051
0.946251
0.945651
0.945401
0.945351
0.945651
0.944701
0.944551
0.945601
0.945501
0.945401
0.946151
0.946201
0.945651
0.945301
0.946201
0.945451
0.945601
0.945351
0.946151
0.946251
0.946451
0.946851
0.946051
0.947101
0.946251
0.946851
0.946251
0.946251
0.945401
0.946151
0.946251
0.947051
0.946801
0.946951
0.946251
0.947001
0.946001
0.946301
