0.0171
0.89755
0.90405
0.9008
0.90055
0.901651
0.9032
0.90315
0.9081
0.904801
0.903051
0.9042
0.904851
0.90485
0.90375
0.908051
0.90465
0.904
0.90615
0.908
0.9034
0.9076
0.90485
0.90425
0.90415
0.90735
0.908901
0.90455
0.907001
0.9039
0.909651
0.904751
0.906051
0.90565
0.907101
0.90855
0.908251
0.907401
0.9076
0.906851
0.909801
0.9095
0.905551
0.909101
0.91075
0.91075
0.9087
0.9081
0.91105
0.91205
0.9055
0.90845
0.9073
0.91005
0.9112
0.90775
0.911651
0.914601
0.91185
0.91325
0.91355
0.911351
0.911051
0.908951
0.91075
0.9112
0.91655
0.916051
0.912351
0.91455
0.911001
0.9135
0.91045
0.910551
0.9058
0.9079
0.909801
0.910001
0.91525
0.912351
0.91975
0.914851
0.918551
0.9143
0.920201
0.919851
0.9145
0.917151
0.9166
0.914451
0.921351
0.921201
0.919101
0.917151
0.919351
0.922451
0.927401
0.9138
0.916501
0.911351
0.921051
0.930301
0.929951
0.929451
0.925351
0.926051
0.929001
0.93165
0.927801
0.925201
0.923251
0.929101
0.930251
0.931451
0.933151
0.929051
0.931151
0.930401
0.932401
0.932251
0.927251
0.926351
0.929201
0.933901
0.932901
0.931051
0.928101
0.934051
0.934101
0.930201
0.929951
0.934551
0.933501
0.932201
0.934651
0.933601
0.932351
0.932701
0.933251
0.934201
0.934701
0.934401
0.937551
0.934301
0.935951
0.939051
0.936551
0.935301
0.930451
0.936201
0.937101
0.936151
0.937351
0.935301
0.932851
0.935201
0.936801
0.936551
0.935401
0.930401
0.938451
0.934951
0.937651
0.936551
0.937551
0.934351
0.935101
0.936051
0.935151
0.938351
0.936301
0.938551
0.939251
0.938451
0.937251
0.936151
0.936551
0.937251
0.939051
0.937351
0.939751
0.9363
0.940701
0.938551
0.937701
0.935001
0.937551
0.937151
0.939652
0.940551
0.941052
0.940451
0.940801
0.941351
0.940101
0.939151
0.935851
0.937551
0.936401
0.938201
0.939001
