samples/24613/24613_1.jpg 0 0 350 350 1
samples/25992/25992_1.jpg 0 0 350 350 2
samples/27333/27333_1.jpg 0 0 350 350 3
samples/27729/27729_1.jpg 0 0 350 350 4
samples/30064/30064_1.jpg 0 0 350 350 5
samples/30248/30248_1.jpg 0 0 350 350 6
samples/30968/30968_1.jpg 0 0 350 350 7
samples/488918/488918_1.jpg 0 0 350 350 8
samples/489247/489247_1.jpg 0 0 350 350 9
samples/489258/489258_1.jpg 0 0 350 350 10
samples/489918/489918_1.jpg 0 0 350 350 11
samples/661422/661422_1.jpg 0 0 350 350 12
samples/680843/680843_1.jpg 0 0 350 350 13
samples/7405355/7405355_1.jpg 0 0 350 350 14
samples/7405396/7405396_1.jpg 0 0 350 350 15
samples/7446961/7446961_1.jpg 0 0 350 350 16
samples/8897434/8897434_1.jpg 0 0 350 350 17
